50,0.00438061,0.00722526
100,0.00422087,0.00415455
150,0.00115753,0.0016484
200,0.000507049,0.000685735
250,0.000503576,0.000720648
300,0.000347525,0.000423441
350,0.000243859,0.000299958
400,0.000216651,0.000307402
450,0.000246191,0.0002641
500,0.000389418,0.000423008
550,0.000181597,0.000211535
600,0.00014073,0.000232248
650,0.00014762,0.000244586
700,0.000120572,0.000207367
750,0.000160648,0.000209049
800,0.00011255,0.000225845
850,0.000112437,0.00021147
900,0.000117489,0.000231262
950,0.000159519,0.000314777
1000,0.000101925,0.000194171
1050,0.000175363,0.000197451
1100,9.61859e-05,0.000169176
1150,0.00010116,0.000160156
1200,9.78588e-05,0.000175167
1250,0.000212979,0.000219293
1300,9.35943e-05,0.000203537
1350,9.66506e-05,0.000210414
1400,8.80323e-05,0.000178437
1450,9.85148e-05,0.000164373
1500,8.94405e-05,0.000192807
1550,0.000133245,0.000307069
1600,0.000105805,0.000156465
1650,9.12311e-05,0.0001563
1700,0.0001607,0.000354964
1750,0.000108682,0.000226727
1800,8.49612e-05,0.000178532
1850,0.00010352,0.000158414
1900,9.09002e-05,0.000200623
1950,8.18085e-05,0.000180655
2000,8.26954e-05,0.000165262
2050,9.98994e-05,0.000155236
2100,9.87942e-05,0.000239624
2150,0.000138261,0.000318029
2200,9.12525e-05,0.000236839
2250,8.00698e-05,0.000150846
2300,9.29638e-05,0.000235176
2350,0.000103803,0.000170871
2400,7.28035e-05,0.000162824
2450,7.77952e-05,0.000176286
2500,8.92869e-05,0.000145392
2550,7.80209e-05,0.000181106
2600,7.30507e-05,0.000180492
2650,9.14954e-05,0.000237659
2700,0.000108854,0.000267108
2750,9.75078e-05,0.000157295
2800,7.17722e-05,0.00018074
2850,6.95225e-05,0.000175987
2900,7.66776e-05,0.000181089
2950,8.2758e-05,0.000195022
3000,7.1203e-05,0.000186723
3050,7.0521e-05,0.000175435
3100,7.97296e-05,0.000150189
3150,9.55787e-05,0.000148469
3200,7.64963e-05,0.000152826
3250,9.58037e-05,0.000147539
3300,7.27682e-05,0.000148427
3350,0.000164455,0.000401527
3400,7.21671e-05,0.000156066
3450,7.04983e-05,0.000174354
3500,7.22845e-05,0.000182137
3550,0.000113136,0.00027795
3600,9.60423e-05,0.000142137
3650,0.000143374,0.000345656
3700,7.42094e-05,0.000151218
3750,8.29141e-05,0.000147482
3800,0.000204195,0.000185454
3850,7.48943e-05,0.000214453
3900,6.79972e-05,0.000171111
3950,0.000122543,0.000147571
4000,8.33466e-05,0.0002475
0.00010579811166099042weights = 
{
  [1,1] =

    -0.16014   1.29208   1.03681
     1.81139   2.37585   0.79168
    -0.16941   1.84022   3.02784
     2.71792   1.54819   2.34602
     5.34067   1.08232  -2.50279
     0.84890   1.65581   1.32879
     2.52252   2.06310  -2.47025
    -2.45769   3.08149  -1.68696
     5.43476  -1.78932   1.64592
    -2.36577   1.53409   2.01758

  [2,1] =

   Columns 1 through 7:

     2.464099   0.480955   1.867752   0.235382   1.791848   1.474496   0.617944
     0.740813   1.653577   1.037414   1.406003   0.367124   0.664433   1.435279
     2.092275   1.700737   0.621002   1.899237   2.182588  -0.825547   0.919619
     1.528199   0.165943   0.172416   0.192013   0.890797   0.610520   0.167527
     2.286618   0.449593   1.194698   0.336095   1.109816   1.102395   0.552732
     3.134173   1.160043   1.087952   1.118375   1.628719   1.669499   0.905515
     1.189288   0.832349   0.146798   0.723863   0.524610   0.754682   0.321889
     2.592547   0.303313   0.537976   0.233687   0.718964   0.698038   0.873644
     1.679717   1.852272   1.085324   0.521762   0.889834   0.970820   1.523229
     2.879050   1.433556   0.643318   2.496549   0.658317   0.969117   1.967506
     2.600892   0.319805   1.292050   2.365724   2.147038   1.453036   0.743388
     3.084945   1.454691   1.954866   1.566111   1.724656   2.770363   0.835964
     1.652562  -0.051471   1.110785   0.211781   0.462591   0.836292   0.594530
     1.624760   1.302438   1.141976   1.423281   0.568458   1.551779   1.265441
     2.022162  -0.178512   0.257464   0.140968   0.631866   1.681916   0.426584

   Columns 8 through 11:

    -1.556380   0.076659   0.981958  -0.709422
     0.016026   0.579254   1.941808   2.170397
     3.573516  -3.945950  -0.464378   1.112481
     0.703673  -0.531228   0.893895  -0.427699
    -0.610910   0.140696   0.675819   0.230403
    -1.156057   0.339355   1.217918   0.640627
     0.405335   0.077551   0.892667   1.198781
     0.684976  -0.418101   1.209111  -0.330708
     0.446448   0.232619  -1.512417   1.386274
     1.537513  -0.695851  -2.416389   1.237109
    -0.865927   0.941107   1.619414  -0.091845
    -2.181961   1.521187   1.397454   0.775074
     0.518491  -0.278892   0.326420  -0.690974
     0.974833  -0.387962   0.778977   0.568759
     1.738916   0.261331   1.371619  -0.990332

  [3,1] =

   Columns 1 through 7:

     3.03417  -1.84924   2.18361   2.84059  -0.79597  -1.04813  -1.76780

   Columns 8 through 14:

     0.57812  -1.25580   1.65700   2.51868  -1.82727  -2.79516  -1.01733

   Columns 15 and 16:

     1.29517  -1.38255

}
