50,0.013256,0.0246767
100,0.00883389,0.012499
150,0.00579374,0.00896172
200,0.00556577,0.0069052
250,0.00507626,0.00692642
300,0.00485247,0.0073936
350,0.00488122,0.00608025
400,0.00444386,0.00624209
450,0.00446278,0.00566421
500,0.00429328,0.00543702
550,0.00401536,0.00561008
600,0.00392058,0.00518596
650,0.00390946,0.00489167
700,0.00369337,0.00473099
750,0.00346948,0.00460034
800,0.00326079,0.00438132
850,0.00311804,0.00452978
900,0.00285504,0.00402502
950,0.00251866,0.00326149
1000,0.00217581,0.0028199
1050,0.001762,0.00220426
1100,0.00128886,0.00138272
1150,0.000924437,0.00097082
1200,0.000750486,0.000806174
1250,0.000565756,0.000594195
1300,0.000485629,0.000546668
1350,0.00044062,0.000520363
1400,0.000394937,0.000468305
1450,0.000366539,0.000450154
1500,0.000401599,0.000397882
1550,0.000323185,0.000403983
1600,0.000308987,0.000344981
1650,0.000289372,0.000355766
1700,0.00028052,0.00035914
1750,0.000267977,0.000341444
1800,0.0002578,0.000301631
1850,0.000249373,0.000324418
1900,0.000251931,0.000347705
1950,0.000234057,0.000278084
2000,0.000226054,0.000288846
2050,0.000221294,0.000290731
2100,0.000217461,0.000261761
2150,0.000217271,0.000305722
2200,0.000206299,0.000262799
2250,0.000203683,0.000250496
2300,0.000200932,0.000252405
2350,0.00019843,0.000276125
2400,0.000197282,0.000286983
2450,0.000188848,0.000235472
2500,0.000189941,0.000220662
2550,0.000185977,0.000269165
2600,0.000178911,0.000229632
2650,0.000178091,0.000219552
2700,0.000178552,0.000266
2750,0.000170274,0.000239424
2800,0.000179791,0.000198503
2850,0.000166725,0.000246577
2900,0.000163361,0.000240069
2950,0.000159549,0.000225164
3000,0.000155979,0.000213836
3050,0.000154877,0.000204673
3100,0.000152942,0.000200311
3150,0.00015131,0.00019483
3200,0.000147226,0.000197955
3250,0.000152874,0.000184232
3300,0.000141832,0.000201306
3350,0.000162178,0.000284642
3400,0.000142679,0.000187939
3450,0.000136237,0.000214354
3500,0.000141524,0.000181492
3550,0.000135171,0.000224585
3600,0.000148013,0.000174741
3650,0.000131883,0.000223564
3700,0.000126875,0.000201667
3750,0.000125326,0.000200726
3800,0.000145704,0.000171131
3850,0.000122786,0.000194999
3900,0.000121605,0.000201957
3950,0.00012861,0.000175332
4000,0.000120231,0.000186177
0.00014170847914750145weights = 
{
  [1,1] =

     1.949694   2.372656  -0.967792
     2.048023  -1.074113   2.402037
    -1.605626   0.154320   3.069892
     2.379150   0.546950   2.041875
     4.905541   1.409181  -2.076566
     0.048778   1.196467   1.275104
    -1.438144   2.970495   0.285675
     1.869412   1.960194   0.846291
     5.077955  -2.145056   1.285703
    -1.298910   1.711960   1.773335

  [2,1] =

   Columns 1 through 6:

     0.7763039   0.0538511  -0.1869712   0.6694653   1.3076532   1.8128702
     1.7350352   1.7578885   1.4951956   0.2516074   0.2053566   0.4239395
     0.5981575   1.0911128   1.3301007   1.1580258   1.0622330   0.3176157
     0.5270845   0.2470662  -0.5534051   0.5037982   0.7683475   0.5669905
     1.2917320  -0.1491159  -0.4340619   0.7548432   0.6433086   1.1514519
     2.0771266  -0.3121567  -1.0185313   1.3347787   1.0241387   1.6385746
     0.4756683   1.0545126   0.6509787   0.9045670   0.5985637   1.0453133
     1.5194933   0.0757067  -0.5970476   0.9245506   0.4998613   0.6959987
     1.8191918   1.8047845   1.7430811  -0.1704938   0.8348292   0.4354427
     1.1990576   0.8265954   0.7386438   1.1019944   0.3840642   1.0586839
     1.6776244  -0.6922577  -0.0558730   1.5989323   1.6271646   2.0069083
     1.8908397   0.1761364   0.3016169   0.8642515   0.6424314   1.8120183
     0.8052517  -0.2401100   0.5688123   0.6018578   0.1302905   0.8505971
     0.9698873   1.4599083   1.4789937   0.7371129   0.3532658   1.2908883
     1.4679854  -0.4275518  -0.5313988   1.0419663   0.5782103   1.3238903

   Columns 7 through 11:

    -0.0293325   0.3337486   0.6740539   1.1761722  -0.8650247
     1.0415295  -0.1916429   0.5529581   1.1210240   0.9293524
     0.6212867   1.0212786   0.4300335   0.8252732   0.6284488
     0.1808037   0.6810638   0.0161479   0.8687006  -0.0099209
     0.1223585   0.1253870   0.6034258   0.6687064   0.4256226
     0.0597380   0.5066897   1.3097723   1.4914551   0.4913979
     0.5498696   0.6286753   0.5262260   0.9473344   1.4386828
     0.7517427   0.6972483   0.4422981   1.0043782   0.2113219
     1.0296326  -0.2389343   0.3140331   0.1135360   1.1001370
     1.3185756   0.7700379   1.3421733  -0.0411004   1.7316535
    -0.0605380   1.7723748   1.7916903   1.9788532  -1.0960717
    -0.2865367   0.3313564   0.9466854   1.5783820  -0.3682046
     0.4360057   0.2229020   0.3899203   0.3420758  -0.1578583
     0.9407457   0.0960755   0.6642352   0.9830931   0.4995857
     0.6120696   0.8979482   0.7246248   1.4849083  -0.1176887

  [3,1] =

   Columns 1 through 7:

     2.39095  -2.29230   2.64518   1.82122  -0.79752  -1.43331  -2.66541

   Columns 8 through 14:

     1.62201  -1.12704   2.67724   2.49509  -3.45806  -2.34778  -0.51379

   Columns 15 and 16:

     2.36246  -2.03492

}
