50	34.40039864327654	31.952851370042723	82
100	34.558789979752646	33.80287845453133	85
150	34.57475290501346	34.1121067927498	79
200	35.020069581973836	34.198542612731806	82
250	35.215107885607836	34.89766931272333	79
300	35.40407546030984	35.096884820197765	81
350	35.583726422525686	35.34690062358588	73
400	35.583726422525686	35.34081395960624	77
450	35.583726422525686	35.34659915985382	78
500	35.64090816546515	35.434594716395694	88
550	35.64090816546515	35.454198980981054	75
600	35.64090816546515	35.46301927095252	81
650	35.99191597934574	35.85408262555016	77
700	36.11150435171072	35.9018324362072	75
750	36.131989334229395	35.950974088026236	75
800	37.080752441147915	36.58372198033792	79
850	37.080752441147915	36.788321376590446	76
900	37.220061811623275	36.90390530468412	81
950	37.220061811623275	36.938093554067194	80
1000	37.220061811623275	36.95538272972516	82
1050	37.220061811623275	36.95387631792709	82
1100	37.220061811623275	36.951390334470446	81
1150	37.220061811623275	36.96503322104201	78
1200	37.220061811623275	36.970810420186126	83
1250	37.24856478884735	37.0358249265159	82
1300	37.24856478884735	37.03830259899422	80
1350	37.24856478884735	37.035927621502985	82
1400	37.24856478884735	37.0419963438714	78
1450	37.24856478884735	37.05531898476835	77
1500	37.29429627066655	37.06227569493843	81
1550	37.29429627066655	37.11476897757751	79
1600	37.29429627066655	37.149957079383746	72
1650	37.29429627066655	37.13560732703706	81
1700	37.29429627066655	37.14289931412328	77
1750	37.29429627066655	37.13531064005321	81
1800	37.29429627066655	37.138077163046674	82
1850	37.37328718513063	37.16301154654829	82
1900	37.37328718513063	37.17658313416115	78
1950	37.37328718513063	37.193869253542786	74
2000	37.37328718513063	37.180763069858415	80
2050	37.37328718513063	37.1940848117732	74
2100	37.37328718513063	37.17543946464191	83
2150	37.37328718513063	37.18547425533374	80
2200	37.37328718513063	37.160271896677884	82
2250	37.37328718513063	37.20201782316596	80
2300	37.37328718513063	37.1960279435554	81
2350	37.37328718513063	37.21199745812373	72
2400	37.37328718513063	37.21004529013357	74
2450	37.37328718513063	37.207966117035134	76
2500	37.37328718513063	37.21254324054143	74
2550	37.37328718513063	37.200992853488124	80
2600	37.37328718513063	37.20606199901024	77
2650	37.37328718513063	37.209361468551414	76
2700	37.37328718513063	37.20814327493496	75
2750	37.37328718513063	37.20535713480601	79
2800	37.37328718513063	37.20774693074268	75
2850	37.37328718513063	37.20556813986258	79
2900	37.37328718513063	37.180501465412206	83
2950	37.37328718513063	37.164313706845654	79
3000	37.37328718513063	37.1890325740935	84
3050	37.37328718513063	37.203974597594616	77
3100	37.37328718513063	37.204500869420116	79
3150	37.37328718513063	37.202056758455484	76
3200	37.37328718513063	37.207599455358434	76
3250	37.37328718513063	37.212621558720336	74
3300	37.37328718513063	37.2033333669566	77
3350	37.37328718513063	37.20359738653306	78
3400	37.37328718513063	37.20790318072497	77
3450	37.37328718513063	37.2061472097158	76
3500	37.37328718513063	37.20440451527868	76
3550	37.42075816776775	37.27223139456689	78
3600	37.42075816776775	37.27242597195281	78
3650	37.42075816776775	37.27259626932728	79
3700	37.42075816776775	37.26147101142351	86
3750	37.589391008307494	37.33424620879593	83
3800	37.589391008307494	37.38213210154149	84
3850	37.589391008307494	37.395021172944645	80
3900	37.589391008307494	37.400527738429815	79
3950	37.589391008307494	37.40170745737193	77
4000	37.589391008307494	37.399958756717886	78
4050	37.589391008307494	37.397063799958296	81
4100	37.589391008307494	37.39994460188614	80
4150	37.589391008307494	37.39390980799753	83
4200	37.589391008307494	37.3892771248351	83
4250	37.589391008307494	37.39809517098197	79
4300	37.589391008307494	37.44079966592289	81
4350	37.589391008307494	37.44714181493511	77
4400	37.6093704713298	37.48791314306322	75
4450	37.85999307327567	37.58801604842417	80
4500	37.85999307327567	37.6618701525843	81
4550	37.85999307327567	37.67119142881021	78
4600	37.85999307327567	37.67409681825017	77
4650	37.85999307327567	37.60476368130966	83
4700	37.85999307327567	37.67043768735965	81
4750	37.9726424036606	37.72832619554019	75
4800	37.9726424036606	37.74694697294176	79
4850	37.9726424036606	37.761535798743154	84
4900	37.9726424036606	37.74717293076731	82
4950	37.9726424036606	37.780215377420724	75
5000	37.97559282200345	37.82576812308449	79
5050	37.97655312413923	37.85638894601495	78
5100	37.97655312413923	37.85676951387141	76
5150	38.06429411739593	37.902997360824706	81
5200	38.06429411739593	37.90797241339108	81
5250	38.06429411739593	37.913212240241194	79
5300	38.06429411739593	37.91212267105137	82
5350	38.06429411739593	37.911066129556474	83
5400	38.06429411739593	37.91743431423041	76
5450	38.06429411739593	37.91922933243217	78
5500	38.064322601378564	37.9482997676513	80
5550	38.064322601378564	37.94264913428501	85
5600	38.064322601378564	37.946939518853526	80
5650	38.064322601378564	37.94572866910564	81
5700	38.07719833397613	37.964662445695325	80
5750	38.07719833397613	37.96544204150598	78
5800	38.07719833397613	37.96752812871314	76
5850	38.07719833397613	37.9652130916963	80
5900	38.07719833397613	37.98803667474109	80
5950	38.07719833397613	37.98454412875075	87
6000	38.07719833397613	37.98500961998716	86
6050	38.07719833397613	37.987163133309814	83
6100	38.07719833397613	37.98562711198994	85
6150	38.07719833397613	37.98529980574709	85
6200	38.07719833397613	37.98542326468261	86
6250	38.07719833397613	37.98808472731402	84
6300	38.07719833397613	37.986436383716466	86
6350	38.07719833397613	37.99025114273607	81
6400	38.07719833397613	37.990653222187284	82
6450	38.22607046608167	38.101517863197294	84
6500	38.22607046608167	38.11544668199122	81
6550	38.22607046608167	38.110848351776085	85
6600	38.22607046608167	38.11067105214117	84
6650	38.22607046608167	38.11247463998896	84
6700	38.22607046608167	38.11798676288693	79
6750	38.22607046608167	38.12010941920156	77
6800	38.22607046608167	38.11721686116698	80
6850	38.22607046608167	38.10963484151471	85
6900	38.22607046608167	38.105164491790546	87
6950	38.22607046608167	38.119556922993475	79
7000	38.22607046608167	38.11224836719339	83
7050	38.22607046608167	38.113791629399906	82
7100	38.22607046608167	38.11939792534193	80
7150	38.22607046608167	38.11624531737767	82
7200	38.22607046608167	38.1146968356179	81
7250	38.22607046608167	38.11159331905438	85
7300	38.22607046608167	38.11881077689756	79
7350	38.22607046608167	38.11616123170181	80
7400	38.22607046608167	38.119970760203366	78
7450	38.22607046608167	38.11702413867747	81
7500	38.22607046608167	38.1114540886365	84
7550	38.22607046608167	38.11464003453129	80
7600	38.22607046608167	38.11533455721579	83
7650	38.38232075253196	38.22786281701349	79
7700	38.38232075253196	38.23138685513952	80
7750	38.38232075253196	38.226331245850886	83
7800	38.38232075253196	38.238807777832506	76
7850	38.38232075253196	38.227751794089265	82
7900	38.38232075253196	38.23268254135613	79
7950	38.38232075253196	38.22851191260146	81
8000	38.38232075253196	38.23296180834626	79
8050	38.38232075253196	38.23632543028108	75
8100	38.38232075253196	38.23394161464476	79
8150	38.38232075253196	38.2257862306096	84
8200	38.38232075253196	38.23816969449913	76
8250	38.38232075253196	38.23455949322484	78
8300	38.38232075253196	38.22747810753706	84
8350	38.38232075253196	38.232581691430866	78
8400	38.38232075253196	38.23322073988109	80
8450	38.38232075253196	38.23175927537247	81
8500	38.38232075253196	38.23470737889401	78
8550	38.38232075253196	38.23641937038812	78
8600	38.38232075253196	38.23815382364568	77
8650	38.38232075253196	38.2295517432265	82
8700	38.38232075253196	38.235590492816485	79
8750	38.38232075253196	38.22784673141926	83
8800	38.38232075253196	38.23356068780059	80
8850	38.38232075253196	38.23245224164059	78
8900	38.38232075253196	38.22918853372629	81
8950	38.38232075253196	38.23259427772121	80
9000	38.38232075253196	38.24126411683695	74
9050	38.38232075253196	38.234656652262366	79
9100	38.38232075253196	38.22825891654066	82
9150	38.38232075253196	38.23904596644516	76
9200	38.38232075253196	38.22803616370175	82
9250	38.38232075253196	38.233688316027376	77
9300	38.38232075253196	38.23826513225916	76
9350	38.38232075253196	38.23149483628958	82
9400	38.38232075253196	38.235505161969634	79
9450	38.38232075253196	38.23545942764476	79
9500	38.38232075253196	38.2290529710647	82
9550	38.38232075253196	38.23013265526806	83
9600	38.5242256413291	38.35449881077767	76
9650	38.5242256413291	38.35534688845477	76
9700	39.94420010225776	39.42740043312375	81
9750	39.97173680060986	39.51573862517765	87
9800	39.97173680060986	39.7484991797772	78
9850	39.97173680060986	39.77425313917465	73
9900	39.97173680060986	39.73090151051322	78
9950	39.97173680060986	39.77476108593336	75
10000	39.97173680060986	39.76745599535312	78
10050	39.97173680060986	39.77053166223081	76
10100	40.14116409643909	39.94414672915773	79
10150	40.14116409643909	39.94108994594533	80
10200	40.14116409643909	39.910649334211946	80
10250	40.14116409643909	39.95175491708128	77
10300	40.14116409643909	39.94730347268721	78
10350	40.14116409643909	39.911238257635034	79
10400	40.14116409643909	39.95606905295653	75
10450	40.14116409643909	39.94783447627348	77
10500	40.14116409643909	39.864702381053156	82
10550	40.14116409643909	39.9482909095562	79
10600	40.14116409643909	39.95601435649182	79
10650	40.14116409643909	39.952442886655675	81
10700	40.14116409643909	39.95368218928553	80
10750	40.14116409643909	39.956751455364525	78
10800	40.14116409643909	39.957906808093405	78
10850	40.14116409643909	39.9459510182334	79
10900	40.14116409643909	39.95398570790654	83
10950	40.14116409643909	39.96150153030493	79
11000	40.14116409643909	39.95924452209636	79
11050	40.14116409643909	39.968133728689196	74
11100	40.14116409643909	39.97848134170208	71
11150	40.14116409643909	39.95795992868558	79
11200	40.14116409643909	39.96895172174471	77
11250	40.14116409643909	39.96859801738878	75
11300	40.14116409643909	39.962996052537136	78
11350	40.14116409643909	39.975543099968625	80
11400	40.14116409643909	39.98290039004716	75
11450	40.14116409643909	39.98777524642453	71
11500	40.14116409643909	39.97733446187924	77
11550	40.14116409643909	39.96450298938832	84
11600	40.14116409643909	39.97830378217196	77
11650	40.14116409643909	39.98049769072268	76
11700	40.14116409643909	39.97967471131461	77
11750	40.14116409643909	39.95305486805858	84
11800	40.14116409643909	39.97631465412734	79
11850	40.17440330672666	39.99211533294325	77
11900	40.2026010757934	40.03931457193701	80
11950	40.2026010757934	40.03161350383891	84
12000	40.2026010757934	40.0582063159105	81
12050	40.2026010757934	40.05639944580025	82
12100	40.2026010757934	40.052821734412035	83
12150	40.2026010757934	40.06452271997968	77
12200	40.2026010757934	40.06670286041651	78
12250	40.2026010757934	40.06280202613694	81
12300	40.2026010757934	39.98739309167812	84
12350	40.2026010757934	40.06875616998274	77
12400	40.2026010757934	40.07272141968199	79
12450	40.2026010757934	40.07116021341631	79
12500	40.2026010757934	40.07852782935084	76
12550	40.2026010757934	40.06106854947626	86
12600	40.2026010757934	40.07214840600317	80
12650	40.2026010757934	40.05154067570304	82
12700	40.2026010757934	40.075820987607024	79
12750	40.2026010757934	40.09178703815465	75
12800	40.2026010757934	40.08417002680913	78
12850	40.2026010757934	40.08502320238296	77
12900	40.2026010757934	40.078798205028505	81
12950	40.2026010757934	40.08677335055745	80
13000	40.2026010757934	40.0918005182349	75
13050	40.2026010757934	40.08545846485358	79
13100	40.2026010757934	40.09459555062846	73
13150	40.2026010757934	40.08452130948557	81
13200	40.2026010757934	40.09467105270125	74
13250	40.2026010757934	40.09046114653242	76
13300	40.2026010757934	40.08424574270216	80
13350	40.2026010757934	40.08743691076832	79
13400	40.2026010757934	40.08871212585401	78
13450	40.2026010757934	40.09824240733453	75
13500	40.2026010757934	40.09542948053155	78
13550	40.2026010757934	40.102650188980434	74
13600	40.2026010757934	40.09863852432115	76
13650	40.2026010757934	40.09960140342153	76
13700	40.2026010757934	40.09730415930999	77
13750	40.2026010757934	40.09493614433747	79
13800	40.2026010757934	40.075273701627246	76
13850	40.2026010757934	40.09650711358166	78
13900	40.2026010757934	40.1002304950469	75
13950	40.2026010757934	40.09346141206445	80
14000	40.2026010757934	40.096488878333844	76
14050	40.2026010757934	40.09756019051397	77
14100	40.2026010757934	40.09876548019806	76
14150	40.306811368533076	40.170168963591586	76
14200	40.306811368533076	40.159564083059344	82
14250	40.306811368533076	40.16481709109905	79
14300	40.306811368533076	40.16948413942962	78
14350	40.306811368533076	40.17251697325487	75
14400	40.306811368533076	40.163614678595565	80
14450	40.306811368533076	40.172744765700074	76
14500	40.306811368533076	40.170775008807	77
14550	40.306811368533076	40.164392931140796	81
14600	40.306811368533076	40.16201244788813	82
14650	40.306811368533076	40.16504492652202	80
14700	40.306811368533076	40.1638097944589	82
14750	40.306811368533076	40.16815402213441	78
14800	40.306811368533076	40.16622838532698	80
14850	40.306811368533076	40.1711433775391	78
14900	40.306811368533076	40.167116355269826	78
14950	40.306811368533076	40.15880402992284	83
15000	40.306811368533076	40.169503506786036	78
15050	40.306811368533076	40.16969743206328	78
15100	40.306811368533076	40.16155605731848	81
15150	40.306811368533076	40.170160653622254	77
15200	40.306811368533076	40.174101330383024	74
15250	40.306811368533076	40.17349042861218	76
15300	40.306811368533076	40.17447181548451	73
15350	40.306811368533076	40.1686961736324	78
15400	40.306811368533076	40.16596866664132	79
15450	40.306811368533076	40.1705639821639	75
15500	40.306811368533076	40.170943635303644	77
15550	40.306811368533076	40.172603063097455	76
15600	40.306811368533076	40.16881021002936	78
15650	40.306811368533076	40.15385491253503	82
15700	40.306811368533076	40.16249425546052	87
15750	40.306811368533076	40.17234133468548	78
15800	40.306811368533076	40.17440815270318	77
15850	40.306811368533076	40.17517751107483	76
15900	40.306811368533076	40.176225343032904	77
15950	40.306811368533076	40.16393726086097	82
16000	40.306811368533076	40.172392882986315	78
16050	40.306811368533076	40.17844462789353	76
16100	40.306811368533076	40.17587085587259	76
16150	40.306811368533076	40.169084934022194	83
16200	40.306811368533076	40.17783381426964	74
16250	40.306811368533076	40.15432268893495	80
16300	40.306811368533076	40.169258348997985	81
16350	40.306811368533076	40.17569619452366	76
16400	40.306811368533076	40.17056847044605	79
16450	40.306811368533076	40.17494645634963	78
16500	40.306811368533076	40.176912668606	76
16550	40.306811368533076	40.17808168584729	77
16600	40.306811368533076	40.173983099367604	79
16650	40.306811368533076	40.17677473636609	79
16700	40.306811368533076	40.17179009998885	80
16750	40.306811368533076	40.17561510239996	79
16800	40.306811368533076	40.17782372325506	77
16850	40.306811368533076	40.16498136329227	83
16900	40.306811368533076	40.176952218969994	77
16950	40.306811368533076	40.171456573111534	81
17000	40.306811368533076	40.177987527364806	78
17050	40.306811368533076	40.17506709437188	79
17100	40.306811368533076	40.17418474785325	78
17150	40.306811368533076	40.17307064810799	77
17200	40.306811368533076	40.17904677896064	74
17250	40.306811368533076	40.176090226856715	76
17300	40.306811368533076	40.1774760419045	75
17350	40.306811368533076	40.17231415414721	79
17400	40.306811368533076	40.1755470576943	78
17450	40.306811368533076	40.1788934695391	75
17500	40.306811368533076	40.17785932298157	75
17550	40.306811368533076	40.17561922068887	77
17600	40.306811368533076	40.17298913172981	78
17650	40.306811368533076	40.17452272087108	79
17700	40.306811368533076	40.13103252313026	82
17750	40.306811368533076	40.15085293183199	84
17800	40.306811368533076	40.17144953886094	81
17850	40.306811368533076	40.17055720240482	83
17900	40.306811368533076	40.17312438350056	79
17950	40.306811368533076	40.17956171154173	76
18000	40.306811368533076	40.18142828186934	74
18050	40.306811368533076	40.17583248106368	78
18100	40.306811368533076	40.17254839549939	80
18150	40.306811368533076	40.169379751486254	81
18200	40.306811368533076	40.17694721946198	77
18250	40.306811368533076	40.170157219387015	81
18300	40.306811368533076	40.17928988545526	76
18350	40.306811368533076	40.15408130672429	82
18400	40.306811368533076	40.17765092775169	78
18450	40.306811368533076	40.16731126400395	83
18500	40.306811368533076	40.178810957430535	77
18550	40.306811368533076	40.148772545347896	83
18600	40.306811368533076	40.178914680335474	76
18650	40.306811368533076	40.168567440763695	82
18700	40.306811368533076	40.17467004338555	81
18750	40.306811368533076	40.17002521422765	82
18800	40.306811368533076	40.175899553770186	78
18850	40.306811368533076	40.17838009210402	77
18900	40.306811368533076	40.17487188913311	79
18950	40.306811368533076	40.17733047574981	78
19000	40.306811368533076	40.171681941839445	79
19050	40.306811368533076	40.181093370554386	75
19100	40.306811368533076	40.17059274105842	80
19150	40.306811368533076	40.175883951956315	82
19200	40.306811368533076	40.17389198659519	82
19250	40.306811368533076	40.19131773554377	75
19300	40.306811368533076	40.19210436042463	79
19350	40.306811368533076	40.192023624720235	79
19400	40.306811368533076	40.192103047150695	81
19450	40.306811368533076	40.19622881023205	78
19500	40.306811368533076	40.18946430139597	81
19550	40.306811368533076	40.192932491102944	80
19600	40.306811368533076	40.19091526982573	81
19650	40.306811368533076	40.15369544279157	83
19700	40.306811368533076	40.19101794568695	82
19750	40.306811368533076	40.19570187179453	77
19800	40.306811368533076	40.19831643479593	74
19850	40.306811368533076	40.19513759012077	79
19900	40.306811368533076	40.19546342859186	78
19950	40.306811368533076	40.194031683842155	79
20000	40.306811368533076	40.19801312892019	74
20050	40.306811368533076	40.191973736609675	81
20100	40.306811368533076	40.188306342324616	84
20150	40.306811368533076	40.19641981912205	79
20200	40.306811368533076	40.19414181910471	81
20250	40.306811368533076	40.19786064266005	76
20300	40.306811368533076	40.195144181680554	80
20350	40.306811368533076	40.18870543407999	87
20400	40.306811368533076	40.1954253907074	80
20450	40.306811368533076	40.19667165285145	79
20500	40.306811368533076	40.19599434032637	77
20550	40.306811368533076	40.195434548723284	79
20600	40.306811368533076	40.19427174384743	82
20650	40.306811368533076	40.19510556950709	81
20700	40.306811368533076	40.202098996267	    74
20750	40.306811368533076	40.199271996020684	77
20800	40.306811368533076	40.19658748606179	80
20850	40.306811368533076	40.19271094155895	83
20900	40.306811368533076	40.196095989142215	80
20950	40.306811368533076	40.19554996954629	79
21000	40.306811368533076	40.19950649929096	78
21050	40.306811368533076	40.194626402929096	81
21100	40.306811368533076	40.19148258964363	84
21150	40.306811368533076	40.19457677187342	82
21200	40.306811368533076	40.198369342989956	80
21250	40.306811368533076	40.19854211465693	81
21300	40.306811368533076	40.200822480198426	79
21350	40.306811368533076	40.19809270917879	81
21400	40.306811368533076	40.201630852043394	77
21450	40.306811368533076	40.20639739199381	72
21500	40.306811368533076	40.19408264980918	85
21550	40.306811368533076	40.201511050507904	77
21600	40.306811368533076	40.20137704876092	77
21650	40.306811368533076	40.1322843964085	88
21700	40.306811368533076	40.2003642585193	80
21750	40.306811368533076	40.20133061360218	78
21800	40.306811368533076	40.20174603905084	79
21850	40.306811368533076	40.0320814391688	84
21900	40.306811368533076	40.20302828059151	78
21950	40.306811368533076	40.200866737283604	78
22000	40.306811368533076	40.19803879874682	79
22050	40.306811368533076	40.20363288042132	76
22100	40.306811368533076	40.206169062320434	72
22150	40.306811368533076	40.20034887191846	80
22200	40.306811368533076	40.20439321307209	75
22250	40.306811368533076	40.198304112808756	83
22300	40.306811368533076	40.20357197291038	76
22350	40.306811368533076	40.19562176158913	83
22400	40.306811368533076	40.201662396361	    79
22450	40.306811368533076	40.20898361502644	70
22500	40.802914261879124	40.5160916332317	82
22550	40.802914261879124	40.713917677742046	79
22600	40.802914261879124	40.71536535718926	78
22650	40.802914261879124	40.71306585058065	78
22700	40.802914261879124	40.71093851238684	81
22750	40.802914261879124	40.55907183576137	81
22800	40.802914261879124	40.57925841473323	88
22850	40.802914261879124	40.71524283430599	78
22900	40.802914261879124	40.7164632003743	76
22950	40.802914261879124	40.71620586594939	76
23000	40.802914261879124	40.64914819797058	80
23050	40.802914261879124	40.71354570262561	79
23100	40.802914261879124	40.69893849496239	80
23150	40.802914261879124	40.71182656676059	81
23200	40.802914261879124	40.71426630092072	78
23250	40.802914261879124	40.66811815083901	80
23300	40.802914261879124	40.70275692596662	78
23350	40.802914261879124	40.71378680248	    78
23400	40.802914261879124	40.5651825434647	82
23900	40.95505704193429	40.81878978859915	79
23950	40.95505704193429	40.825282189342445	76
24000	40.95505704193429	40.774694164608235	78
24050	40.95505704193429	40.82287865619122	76
24100	40.95505704193429	40.82388377328716	76
24150	40.95505704193429	40.81882733707857	80
24200	40.95505704193429	40.81794713429816	78
24250	40.95505704193429	40.81521013286544	81
24300	40.95505704193429	40.817751450064	79
24350	40.95505704193429	40.817846695656264	79
24400	40.95505704193429	40.82469669574143	78
24450	40.95505704193429	40.79330889573112	82
24500	40.95505704193429	40.82821650385194	76
24550	40.95505704193429	40.83075744655903	75
24600	40.95505704193429	40.82525983697843	78
24650	40.95505704193429	40.831387204044894	75
24700	40.95505704193429	40.827130314553834	77
24750	40.95505704193429	40.83422711042099	74
24800	40.95505704193429	40.82895597456192	77
24850	40.95505704193429	40.80551732519759	81
24900	40.95505704193429	40.8333138508228	74
24950	40.95505704193429	40.83405893368953	74
25000	40.95505704193429	40.8241251443514	79
25050	40.95505704193429	40.8256521681137	79
25100	40.95505704193429	40.82899401420802	77
25150	40.95505704193429	40.82920214825971	76
25200	40.95505704193429	40.825150377416	78
25250	40.95505704193429	40.65089882467472	83
25300	40.95505704193429	40.8301167003059	76
25350	40.95505704193429	40.82052058189834	80
25400	40.95505704193429	40.827589048692396	77
25450	40.95505704193429	40.82956339816161	78
25500	40.95505704193429	40.82630390937674	80
25550	40.95505704193429	40.83271070941907	76
25600	40.95505704193429	40.82444991938876	80
25650	40.95505704193429	40.8221513033688	82
25700	40.95505704193429	40.832504819205795	75
25750	40.95505704193429	40.828178049244826	79
25800	40.95505704193429	40.82794587566219	77
25850	40.95505704193429	40.82651116911488	80
25900	40.95505704193429	40.82934003041576	77
25950	40.95505704193429	40.76867815428013	81
26000	40.95505704193429	40.83511395500818	75
26050	40.95505704193429	40.8215519732842	81
26100	40.95505704193429	40.83138243371826	76
26150	40.95505704193429	40.82659875312406	78
26200	40.95505704193429	40.83329573568141	76
26250	40.95505704193429	40.83205442071613	78
26300	40.95505704193429	40.832039230333095	77
26350	40.95505704193429	40.827852912217836	79
26400	40.95505704193429	40.834048585344306	75
26450	40.95505704193429	40.829576944660765	78
26500	40.95505704193429	40.82310820683629	81
26550	40.95505704193429	40.83503411762041	75
26600	40.95505704193429	40.83111269053905	76
26650	40.95505704193429	40.8287632728394	78
26700	40.95505704193429	40.81699520639759	79
26750	40.95505704193429	40.83087702595493	78
26800	40.95505704193429	40.83759892648754	74
26850	40.95505704193429	40.839485885413474	72
26900	40.95505704193429	40.8217965698493	83
26950	40.95505704193429	40.79739147895946	84
27000	40.95505704193429	40.828860346992016	79
27050	40.95505704193429	40.83122253963322	77
27100	40.95505704193429	40.80182471426313	82
27150	40.95505704193429	40.832902147134334	77
27200	40.95505704193429	40.82503420950104	81
27250	40.95505704193429	40.829224753402904	79
27300	40.95505704193429	40.82950614322219	78
27350	40.95505704193429	40.82692356900387	80
27400	40.95505704193429	40.83225480312601	76
27450	40.95505704193429	40.83236746353596	76
27500	40.95505704193429	40.83053427441132	77
27550	40.95505704193429	40.832015598823176	76
27600	40.95505704193429	40.83090600648971	77
27650	40.95505704193429	40.826435414133265	79
27700	40.95505704193429	40.82968206328547	78
27750	40.95505704193429	40.67009839410326	82
27800	40.95505704193429	40.83325882442364	76
27850	40.95505704193429	40.83353218768495	76
27900	40.95505704193429	40.829287159004444	79
27950	40.95505704193429	40.82606459374903	80
28000	40.95505704193429	40.80578081079431	84
28050	40.95505704193429	40.82891815228929	79
28100	40.95505704193429	40.75906754722323	78
28150	40.95505704193429	40.83555976687972	75
28200	40.95505704193429	40.83746472219627	73
28250	40.95505704193429	40.83307534245792	77
28300	40.95505704193429	40.83341917356895	77
28350	40.95505704193429	40.829814283471144	79
28400	40.95505704193429	40.837654218075144	72
28450	40.95505704193429	40.832006618219495	78
28500	40.95505704193429	40.83030175835931	77
28550	40.95505704193429	40.831072779589206	77
28600	40.95505704193429	40.828058759899314	79
28650	40.95505704193429	40.83838316976684	73
28700	40.95505704193429	40.83553092095236	74
28750	40.95505704193429	40.8293641203801	79
28800	40.95505704193429	40.830149101663714	75
28850	40.95505704193429	40.83133054065481	78
28900	40.95505704193429	40.831461343440374	76
28950	40.95505704193429	40.830271734169436	79
29000	40.95505704193429	40.83273801312043	78
29050	40.95505704193429	40.825062529575014	82
29100	40.95505704193429	40.84053252305612	73
29150	40.95505704193429	40.839241480751355	73
29200	40.95505704193429	40.775440187471396	78
29250	40.95505704193429	40.83171661592365	78
29300	40.95505704193429	40.44222862815737	85
29350	40.95505704193429	40.80833052285644	80
29400	40.95505704193429	40.82760881486542	79
29450	40.95505704193429	40.836058637950075	75
29500	40.95505704193429	40.83675712100321	76
29550	40.95505704193429	40.81224886931812	83
29600	40.95505704193429	40.83393453260886	76
29650	40.95505704193429	40.831309209818116	78
29700	40.95505704193429	40.83259035111294	75
29750	40.95505704193429	40.832425367072325	77
29800	40.95505704193429	40.833978948238716	76
29850	40.95505704193429	40.82152901507461	81
29900	40.95505704193429	40.82940219077619	80
29950	40.95505704193429	40.826699799579046	81
30000	40.95505704193429	40.841350976797806	75
30050	40.95505704193429	40.83423908823283	77
30100	40.95505704193429	40.83770692757258	77
30150	40.95505704193429	40.82805561314635	81
30200	40.95505704193429	40.83349709994235	79
30250	40.95505704193429	40.84047033464848	74
30300	40.95505704193429	40.82857136580835	82
30350	40.95505704193429	40.832902330600334	79
30400	40.95505704193429	40.83314381172639	79
30450	40.95505704193429	40.77654088947175	78
30500	40.95505704193429	40.760831641084295	84
30550	40.95505704193429	40.81671934798187	80
30600	40.95505704193429	40.83340025339669	78
30650	40.95505704193429	40.835135155084046	77
30700	40.95505704193429	40.83844135020156	76
30750	40.95505704193429	40.83244293736412	79
30800	40.95505704193429	40.841917071910686	74
30850	40.95505704193429	40.8262350011762	83
30900	40.95505704193429	40.838324590918845	77
30950	40.95505704193429	40.837102183374896	77
31000	40.95505704193429	40.83678866758245	76
31050	40.95505704193429	40.83562197832663	78
31100	40.95505704193429	40.82808298131148	81
31150	40.95505704193429	40.82514075941829	79
31200	40.95505704193429	40.833931909413586	78
31250	40.95505704193429	40.8218878664651	83
31300	40.95505704193429	40.76205303207586	79
31350	40.95505704193429	40.8407049078689	75
31400	40.95505704193429	40.83186530139243	79
31450	40.95505704193429	40.80574825273986	81
31500	40.95505704193429	40.848580191233175	75
31550	40.95505704193429	40.84674174281947	75
31600	40.95505704193429	40.84646960330176	77
31650	40.95505704193429	40.847333850782974	75
31700	40.95505704193429	40.84563726641309	76
31750	40.95505704193429	40.846468719207785	75
31800	40.95505704193429	40.84366267048856	78
31850	40.95505704193429	40.84139211233042	79
31900	40.95505704193429	40.84654357750134	76
31950	40.95505704193429	40.83877586254931	83
32000	40.95505704193429	40.84221697944592	81
32050	40.95505704193429	40.84301719837558	79
32100	40.95505704193429	40.8115819512676	77
32150	40.95505704193429	40.84668552464431	76
32200	40.95505704193429	40.84770620646253	75
32250	40.95505704193429	40.846438904330995	77
32300	40.95505704193429	40.8464967050487	77
32350	40.95505704193429	40.84584284111877	76
32400	40.95505704193429	40.8474955104129	78
32450	40.95505704193429	40.847861770872775	78
32500	40.95505704193429	40.848425636677305	80
32550	40.95505704193429	40.85092476711555	76
32600	40.95505704193429	40.84693026435362	79
32650	40.95505704193429	40.83055996590501	80
32700	40.95505704193429	40.851040012108705	77
32750	40.95505704193429	40.8521585308474	77
32800	40.95505704193429	40.85288242746839	76
32850	40.95505704193429	40.853730063016	75
32900	40.95505704193429	40.84952604254665	79
32950	40.95505704193429	40.847429020208736	79
33000	40.95505704193429	40.84770117026498	80
33050	40.95505704193429	40.84827999316524	79
33100	40.95505704193429	40.85217695652933	76
33150	40.95505704193429	40.84743587126738	80
33200	40.95505704193429	40.8461592354667	80
33250	40.95505704193429	40.83153991681532	79
33300	40.95505704193429	40.84898743560466	78
33350	40.95505704193429	40.853218061719524	75
33400	40.95505704193429	40.84779923872368	79
33450	40.95505704193429	40.84832902468222	80
33500	40.95505704193429	40.708267666323636	79
33550	40.95505704193429	40.85307695299486	75
33600	40.95505704193429	40.848966460835065	78
33650	40.95505704193429	40.85096771826354	78
33700	40.95505704193429	40.85111279044014	76
33750	40.95505704193429	40.848425558575705	77
33800	40.95505704193429	40.845576321176566	80
33850	40.95505704193429	40.84717291315366	79
33900	40.95505704193429	40.85114931324692	78
33950	40.95505704193429	40.855041526560115	74
34000	40.95505704193429	40.84930643978361	80
34050	40.95505704193429	40.850197009944175	78
34100	40.95505704193429	40.846289850035845	80
34150	40.95505704193429	40.8338838615675	79
34200	40.95505704193429	40.84378924906232	81
34250	40.95505704193429	40.850766250036465	77
34300	40.95505704193429	40.84857000131422	79
34350	40.95505704193429	40.853277510822906	76
34400	40.95505704193429	40.83496340798625	78
34450	40.95505704193429	40.853851066923546	76
34500	40.95505704193429	40.85230082372178	79
34550	40.95505704193429	40.8408610572007	84
34600	40.95505704193429	40.850604060665624	78
34650	40.95505704193429	40.84477382048664	80
34700	40.95505704193429	40.852649924213	76
34750	40.95505704193429	40.84674977693071	81
34800	40.95505704193429	40.76378871171957	79
34850	40.95505704193429	40.85034043747267	78
34900	40.95505704193429	40.847736858415225	79
34950	40.95505704193429	40.85047139336839	78
35000	40.95505704193429	40.8457454072839	82
35050	40.95505704193429	40.8481834890491	80
35100	40.95505704193429	40.85017990292182	76
35150	40.95505704193429	40.8533435847193	76
35200	40.95505704193429	40.85359182172313	75
35250	40.95505704193429	40.84371170031166	82
35300	40.95505704193429	40.82866302024923	83
35350	40.95505704193429	40.8562244539065	76
35400	40.95505704193429	40.85784939155044	74
35450	40.95505704193429	40.85322452700965	79
35500	40.95505704193429	40.85537960705331	77
35550	40.95505704193429	40.848368654722506	82
35600	40.95505704193429	40.855339646390014	77
35650	40.95505704193429	40.85602899780742	77
35700	40.95505704193429	40.856385109088016	77
35750	40.95505704193429	40.85662391290231	76
35800	40.95505704193429	40.855487910061505	75
35850	40.95505704193429	40.85383714980644	78
35900	40.95505704193429	40.85357060851382	78
35950	40.95505704193429	40.856925967554666	75
36000	40.95505704193429	40.8539970269872	78
36050	40.95505704193429	40.85622038672904	76
36100	40.95505704193429	40.825050897245134	80
36150	40.95505704193429	40.85904883269705	75
36200	40.95505704193429	40.857917146823645	77
36250	40.95505704193429	40.857195298886694	78
36300	40.95505704193429	40.78152066055737	77
36350	40.95505704193429	40.849625670326056	84
36400	40.95505704193429	40.85121662488503	80
36450	40.95505704193429	40.855335118721925	79
36500	40.95505704193429	40.8562274467587	77
36550	40.95505704193429	40.74648347838952	81
36600	40.95505704193429	40.85198760565412	81
36650	40.95505704193429	40.82874447392649	84
36700	40.95505704193429	40.861615503434535	71
36750	40.95505704193429	40.85670494357697	78
36800	40.95505704193429	40.79057092692431	79
36850	40.95505704193429	40.7455698291204	83
36900	40.95505704193429	40.85578074055472	80
36950	40.95505704193429	40.83831871545217	78
37000	40.95505704193429	40.806091013120124	78
37050	40.95505704193429	40.85237023684831	80
37100	40.95505704193429	40.85400877896643	80
37150	40.95505704193429	40.75087853058304	77
37200	40.95505704193429	40.85246242741421	82
37250	40.95505704193429	40.85334815107044	82
37300	40.95505704193429	40.86245197814611	74
37350	40.95505704193429	40.81423453817661	84
37400	40.95505704193429	40.84924737258782	83
37450	40.95505704193429	40.79483790160772	79
37500	40.95505704193429	40.86554876494382	71
37550	40.95505704193429	40.83838130414079	80
37600	40.95505704193429	40.856789143138634	78
37650	40.95505704193429	40.85867235385124	75
37700	40.95505704193429	40.855718236495974	80
37750	40.95505704193429	40.85180894559099	82
37800	40.95505704193429	40.862997070200215	74
37850	40.95505704193429	40.86384672280699	71
37900	40.95505704193429	40.85679980466032	78
37950	40.95505704193429	40.858868633497764	76
38000	40.95505704193429	40.827692348622975	78
38050	40.95505704193429	40.762323243110544	84
38100	40.95505704193429	40.85097423953542	82
38150	40.95505704193429	40.85979015277682	76
38200	40.95505704193429	40.85516045879348	79
38250	40.95505704193429	40.85124977193325	83
38300	40.95505704193429	40.861106230250904	75
38350	40.95505704193429	40.86030364734699	75
38400	40.95505704193429	40.8577232986308	77
38450	40.95505704193429	40.837361837477964	78
38500	40.95505704193429	40.86470661131648	72
38550	40.95505704193429	40.859363081327885	77
38600	40.95505704193429	40.64789953908817	81
38650	40.95505704193429	40.863393192453984	76
38700	40.95505704193429	40.86555028601347	73
38750	40.95505704193429	40.861964706632115	78
38800	40.95505704193429	40.857933015460034	83
38850	40.95505704193429	40.87225670670196	72
38900	40.95505704193429	40.86344057944812	79
38950	40.95505704193429	40.86714118667228	75
39000	40.95505704193429	40.86605443823061	77
39050	40.95505704193429	40.86444949097337	79
39100	40.95505704193429	40.83689263814848	79
39150	40.95505704193429	40.863281845537664	79
39200	40.95505704193429	40.86152121156659	82
39250	40.95505704193429	40.86721532726461	76
39300	40.95505704193429	40.861770277460835	80
39350	40.95505704193429	40.85612541566976	76
39400	40.95505704193429	40.86462413363495	79
39450	40.95505704193429	40.86622203610852	77
39500	40.95505704193429	40.86535166343204	78
39550	40.95505704193429	40.87171593402753	74
39600	40.95505704193429	40.865775006080305	78
39650	40.95505704193429	40.86649451986946	78
39700	40.95505704193429	40.8628715995749	82
39750	40.95505704193429	40.8435035801369	81
39800	40.95505704193429	40.811012996303724	83
39850	40.95505704193429	40.86756882456001	79
39900	40.95505704193429	40.8705683039476	76
39950	40.95505704193429	40.868680366450526	77
40000	40.95505704193429	40.838671504973384	81
40050	40.95505704193429	40.84196723027518	81
40100	40.95505704193429	40.87103986591876	73
40150	40.95505704193429	40.86354124957271	81
40200	40.95505704193429	40.87038974421681	77
40250	40.95505704193429	40.85325143046381	79
40300	40.95505704193429	40.8685009323787	76
40350	40.95505704193429	40.87058194150795	78
40400	40.95505704193429	40.86385559366991	81
40450	40.95505704193429	40.870349812164505	77
40500	40.95505704193429	40.869157191220104	79
40550	40.95505704193429	40.86559808615595	81
40600	40.95505704193429	40.86607101159305	80
40650	40.95505704193429	40.87280260687814	77
40700	40.95505704193429	40.8593540164343	78
40750	40.95505704193429	40.87467813740311	74
40800	40.95505704193429	40.84460937394249	77
40850	40.95505704193429	40.811187409120144	82
40900	40.95505704193429	40.87022162328428	79
40950	40.95505704193429	40.87001051765655	80
41000	40.95505704193429	40.872642920604896	77
41050	40.95505704193429	40.86900099339787	79
41100	40.95505704193429	40.870604758233256	80
41150	40.95505704193429	40.82735396203645	79
41200	40.95505704193429	40.848652160275094	83
41250	40.95505704193429	40.873259905089206	76
41300	40.95505704193429	40.86749988487716	80
41350	40.95505704193429	40.87000979458774	81
41400	40.95505704193429	40.872107839797465	81
41450	40.95505704193429	40.87376141668724	80
41500	40.95505704193429	40.85935223878692	80
41550	40.95505704193429	40.87474077227487	78
41600	40.95505704193429	40.818537248466235	79
41650	40.95505704193429	40.877142097989626	75
41700	40.95505704193429	40.87471357235271	78
41750	40.95505704193429	40.87044493975325	84
41800	40.95505704193429	40.82979203931564	79
41850	40.95505704193429	40.87518451378515	75
41900	40.95505704193429	40.87312462403672	78
41950	40.95505704193429	40.87065090611302	81
42000	40.95505704193429	40.875394031789384	77
42050	40.95505704193429	40.81498713381186	81
42100	40.95505704193429	40.858101892481976	82
42150	40.95505704193429	40.876110733838665	77
42200	40.95505704193429	40.850035759815675	79
42250	40.95505704193429	40.87662360370342	75
42300	40.95505704193429	40.87498036205048	78
42350	40.95505704193429	40.87636874755986	76
42400	40.95505704193429	40.85770495842323	76
42450	40.95505704193429	40.87918235237437	74
42500	40.95505704193429	40.87981656694794	74
42550	40.95505704193429	40.74309391881446	86
42600	40.95505704193429	40.876394678080395	77
42650	40.95505704193429	40.87711299079958	76
42700	40.95505704193429	40.87680014405095	77
42750	40.95505704193429	40.87537758746124	78
42800	40.95505704193429	40.876621428958146	77
42850	40.95505704193429	40.87339774135769	80
42900	40.95505704193429	40.87617964803294	76
42950	40.95505704193429	40.876131627317335	76
43000	40.95505704193429	40.87337383710503	79
43050	40.95505704193429	40.87143966860258	81
43100	40.95505704193429	40.87215567820893	81
43150	40.95505704193429	40.874305558554994	79
43200	40.95505704193429	40.87419482781515	78
43250	40.95505704193429	40.879026337735674	75
43300	40.95505704193429	40.80923422935097	81
43350	40.95505704193429	40.87107985656584	80
43400	40.95505704193429	40.87669390705689	77
43450	40.95505704193429	40.875300771996685	78
43500	40.95505704193429	40.87341992427801	80
43550	40.95505704193429	40.8638178425391	78
43600	40.95505704193429	40.87645066930843	76
43650	40.95505704193429	40.87382644885036	79
43700	40.95505704193429	40.87908312705676	74
43750	40.95505704193429	40.87631653284038	76
43800	40.95505704193429	40.877012558707094	77
43850	40.95505704193429	40.87602429402186	78
43900	40.95505704193429	40.87615542174125	78
43950	40.95505704193429	40.85310462755148	85
44000	40.95505704193429	40.875586676209466	76
44050	40.95505704193429	40.865169745638234	75
44100	40.95505704193429	40.87490425965455	78
44150	40.95505704193429	40.74240626825038	86
44200	40.95505704193429	40.85982541612148	86
44250	40.95505704193429	40.87520381026388	78
44300	40.95505704193429	40.87865936721531	75
44350	40.95505704193429	40.87740927978857	76
44400	40.95505704193429	40.88130681317564	71
44450	40.95505704193429	40.85211235125823	83
44500	40.95505704193429	40.88049886215295	76
44550	40.95505704193429	40.85606793135485	78
44600	40.95505704193429	40.88182840051327	73
44650	40.95505704193429	40.881431151218266	75
44700	40.95505704193429	40.87623430221602	81
44750	40.95505704193429	40.87550138267659	79
44800	40.95505704193429	40.885352581244135	70
44850	40.95505704193429	40.879009231554534	78
44900	40.95505704193429	40.87602479815547	80
44950	40.95505704193429	40.87576920456621	80
45000	40.95505704193429	40.880448588302144	77
45050	40.95505704193429	40.876873074831494	83
45100	40.95505704193429	40.87938159029218	77
45150	40.95505704193429	40.88114337986244	77
45200	40.95505704193429	40.799683927438636	80
45250	40.95505704193429	40.8789454377637	78
45300	40.95505704193429	40.87862703432675	79
45350	40.95505704193429	40.87928812149046	76
45400	40.95505704193429	40.8797993559738	79
45450	40.95505704193429	40.87781867763304	79
45500	40.95505704193429	40.876250654131134	82
45550	40.95505704193429	40.87869304470456	78
45600	40.95505704193429	40.88058980502075	77
45650	40.95505704193429	40.880450894436784	76
45700	40.95505704193429	40.87892751081047	78
45750	40.95505704193429	40.87361502380098	82
45800	40.95505704193429	40.87753355642189	79
45850	40.95505704193429	40.84306627744764	84
45900	40.95505704193429	40.88352676066352	75
45950	40.95505704193429	40.88026523477659	81
46000	40.95505704193429	40.877475813322114	81
46050	40.95505704193429	40.880937764474645	79
46100	40.95505704193429	40.87991803652346	81
46150	40.95505704193429	40.87955151336965	80
46200	40.95505704193429	40.88141159801302	78
46250	40.95505704193429	40.88228744255086	77
46300	40.95505704193429	40.88064480433314	79
46350	40.95505704193429	40.83579963579923	81
46400	40.95505704193429	40.85580773645499	79
46450	40.95505704193429	40.88053944421845	79
46500	40.95505704193429	40.87916936293924	80
46550	40.95505704193429	40.88004076048918	79
46600	40.95505704193429	40.87711165071218	82
46650	40.95505704193429	40.8672276154098	80
46700	40.95505704193429	40.88151582280833	77
46750	40.95505704193429	40.88376437523726	77
46800	40.95505704193429	40.88036492112522	79
46850	40.95505704193429	40.884472412181616	76
46900	40.95505704193429	40.877036933784304	82
46950	40.95505704193429	40.88188585279307	77
47000	40.95505704193429	40.884417466876116	76
47050	40.95505704193429	40.886180196303556	72
47100	40.95505704193429	40.88274809509937	77
47150	40.95505704193429	40.88379877762417	75
47200	40.95505704193429	40.8830757026237	77
47250	40.95505704193429	40.883461428619306	74
47300	40.95505704193429	40.88248484727672	79
47350	40.95505704193429	40.88207867405624	76
47400	40.95505704193429	40.879669926371605	78
47450	40.95505704193429	40.88297415698238	78
47500	40.95505704193429	40.87978602279956	79
47550	40.95505704193429	40.88154850492438	78
47600	40.95505704193429	40.8821917186233	79
47650	40.95505704193429	40.87940257642422	80
47700	40.95505704193429	40.885625865306	74
47750	40.95505704193429	40.8776078637929	82
47800	40.95505704193429	40.88252186587089	78
47850	40.95505704193429	40.87777650826707	83
47900	40.95505704193429	40.88068147542866	78
47950	40.95505704193429	40.8765614061251	82
48000	40.95505704193429	40.88050951751675	80
48050	40.95505704193429	40.87682260079093	83
48100	40.95505704193429	40.88174101350788	79
48150	40.95505704193429	40.88557751972747	76
48200	40.95505704193429	40.88485142111618	77
48250	40.95505704193429	40.884696741702115	75
48300	40.95505704193429	40.88297756289489	80
48350	40.95505704193429	40.88348087200672	78
48400	40.95505704193429	40.83157762659911	79
48450	40.95505704193429	40.811795412181176	79
48500	40.95505704193429	40.880692212874656	81
48550	40.95505704193429	40.882880156526355	78
48600	40.95505704193429	40.87997879400425	82
48650	40.95505704193429	40.88836618388021	73
48700	40.95505704193429	40.886528808340024	76
48750	40.95505704193429	40.88806177041276	75
48800	40.95505704193429	40.883297334684755	78
48850	40.95505704193429	40.88510173150245	77
48900	40.95505704193429	40.88667415960573	76
48950	40.95505704193429	40.83324682699365	81
49000	40.95505704193429	40.88357670434782	77
49050	40.95505704193429	40.838436589654314	85
49100	40.95505704193429	40.88606055031339	77
49150	40.95505704193429	40.88948697016559	71
49200	40.95505704193429	40.881941620689076	80
49250	40.95505704193429	40.79859439618873	82
49300	40.95505704193429	40.88077614537987	81
49350	40.95505704193429	40.849323818473486	82
49400	40.95505704193429	40.88294309074645	80
49450	40.95505704193429	40.88750009974455	76
49500	40.95505704193429	40.884636600917425	77
49550	40.95505704193429	40.882825692508916	78
49600	40.95505704193429	40.88661346023289	75
49650	40.95505704193429	40.87805917297913	82
49700	40.95505704193429	40.8845153840025	77
49750	40.95505704193429	40.88267101056907	80
49800	40.95505704193429	40.883492165049866	79
49850	40.95505704193429	40.88489719189135	77
49900	40.95505704193429	40.88455800574315	78
49950	40.95505704193429	40.885144027673505	77
50000	40.95505704193429	40.87972702525289	82
50050	40.95505704193429	40.879804991204544	81
50100	40.95505704193429	40.88392883648501	78
50150	40.95505704193429	40.885280813709954	77
50200	40.95505704193429	40.882978564876325	79
50250	40.95505704193429	40.88439041180099	78
50300	40.95505704193429	40.886193197883905	75
50350	40.95505704193429	40.88445281006674	79
50400	40.95505704193429	40.88508882659084	77
50450	40.95505704193429	40.88128795700981	82
50500	40.95505704193429	40.85697637768545	84
50550	40.95505704193429	40.88371447263773	80
50600	40.95505704193429	40.787498350642	84
50650	40.95505704193429	40.887098884363894	75
50700	40.95505704193429	40.88571353230424	77
50750	40.95505704193429	40.8160815469164	77
50800	40.95505704193429	40.88802030765582	74
50850	40.95505704193429	40.88583093952661	78
50900	40.95505704193429	40.88255810466771	82
50950	40.95505704193429	40.886134464830995	76
51000	40.95505704193429	40.887285992795704	76
51050	40.95505704193429	40.884802908817804	79
51100	40.95505704193429	40.88748359986577	75
51150	40.95505704193429	40.884430254846144	79
51200	40.95505704193429	40.890395636747165	72
51250	40.95505704193429	40.8793032636821	83
51300	40.95505704193429	40.89056536948481	71
51350	40.95505704193429	40.8402584905218	81
51400	40.95505704193429	40.88297822631199	79
51450	40.95505704193429	40.886299784057	77
51500	40.95505704193429	40.88646398399196	77
51550	40.95505704193429	40.805605558458346	82
51600	40.95505704193429	40.88540645683167	78
51650	40.95505704193429	40.885058311277426	77
51700	40.95505704193429	40.88822104084623	75
51750	40.95505704193429	40.84600267432534	82
51800	40.95505704193429	40.88520275576789	78
51850	40.95505704193429	40.88576307233393	79
51900	40.95505704193429	40.88982593494704	73
51950	40.95505704193429	40.889814828203704	73
52000	40.95505704193429	40.88597181464643	80
52050	40.95505704193429	40.886460948290214	79
52100	40.95505704193429	40.88502052951501	79
52150	40.95505704193429	40.88751059167032	77
52200	40.95505704193429	40.88131809287225	82
52250	40.95505704193429	40.879925493084606	84
52300	40.95505704193429	40.74729806214017	81
52350	40.95505704193429	40.87983306210493	83
52400	40.95505704193429	40.883998078399756	80
52450	40.95505704193429	40.8871652620114	76
52500	40.95505704193429	40.88069424953568	82
52550	40.95505704193429	40.86975178068557	80
52600	40.95505704193429	40.88569471802356	79
52650	40.95505704193429	40.884931399558184	80
52700	40.95505704193429	40.890399466070804	74
52750	40.95505704193429	40.887875774812976	77
52800	40.95505704193429	40.89016728990889	73
52850	40.95505704193429	40.88672485189225	78
52900	40.95505704193429	40.88447648575028	80
52950	40.95505704193429	40.88885486147261	75
53000	40.95505704193429	40.884016743440114	79
53050	40.95505704193429	40.88701969777699	78
53100	40.95505704193429	40.8883655294317	75
53150	40.95505704193429	40.88537701616333	78
53200	40.95505704193429	40.826088590953425	77
53250	40.95505704193429	40.76016444088543	80
53300	40.95505704193429	40.886776910888905	78
53350	40.95505704193429	40.88601207665458	79
53400	40.95505704193429	40.88659019024388	77
53450	40.95505704193429	40.8848872837676	79
53500	40.95505704193429	40.88271013063741	81
53550	40.95505704193429	40.87356727901051	83
53600	40.95505704193429	40.88295761800062	80
53650	40.95505704193429	40.851267479445845	81
53700	40.95505704193429	40.889833169182076	74
53750	40.95505704193429	40.776297343404295	83
53800	40.95505704193429	40.887276748083245	76
53850	40.95505704193429	40.85790578102638	81
53900	40.95505704193429	40.88589380962291	79
53950	40.95505704193429	40.869726096410204	84
54000	40.95505704193429	40.880865322493555	83
54050	40.95505704193429	40.89188647615821	73
54100	40.95505704193429	40.891663558064394	73
54150	40.95505704193429	40.88641555106994	80
54200	40.95505704193429	40.829051506793796	80
54250	40.95505704193429	40.888535585032834	77
54300	40.95505704193429	40.888004822822836	77
54350	40.95505704193429	40.8862569696211	78
54400	40.95505704193429	40.887222211351116	79
54450	40.95505704193429	40.88436448044761	80
54500	40.95505704193429	40.52075776231691	83
54550	40.95505704193429	40.88650142380693	79
54600	40.95505704193429	40.89137013903814	75
54650	40.95505704193429	40.888819407845155	76
54700	40.95505704193429	40.886993670822704	79
54750	40.95505704193429	40.88832742187244	76
54800	40.95505704193429	40.89021249436842	76
54850	40.95505704193429	40.887597958888435	77
54900	40.95505704193429	40.45694752994941	80
54950	40.95505704193429	40.8917769783201	73
55000	40.95505704193429	40.88685885324579	77
55050	40.95505704193429	40.88613920019953	78
55100	40.95505704193429	40.871872257853774	75
55150	40.95505704193429	40.88719502364325	77
55200	40.95505704193429	40.847507945553204	82
55250	40.95505704193429	40.88925844760477	76
55300	40.95505704193429	40.88147289454021	84
55350	40.95505704193429	40.88942858788221	76
55400	40.95505704193429	40.886329631124866	79
55450	40.95505704193429	40.87596263597785	76
55500	40.95505704193429	40.889100899316574	76
55550	40.95505704193429	40.73020932442536	84
55600	40.95505704193429	40.88733686111917	78
55650	40.95505704193429	40.89015063010614	75
55700	40.95505704193429	40.88752441943191	79
55750	40.95505704193429	40.88466138297613	81
55800	40.95505704193429	40.88222338674444	82
55850	40.95505704193429	40.85269787627439	79
55900	40.95505704193429	40.887720849487366	78
55950	40.95505704193429	40.856733588630476	80
56000	40.95505704193429	40.88889690422945	77
56050	40.95505704193429	40.893300094286545	73
56100	40.95505704193429	40.88993352901625	76
56150	40.95505704193429	40.885921366816866	78
56200	40.95505704193429	40.85884483640649	80
56250	40.95505704193429	40.87726355324368	80
56300	40.95505704193429	40.889508010547	76
56350	40.95505704193429	40.892020780225295	74
56400	40.95505704193429	40.89152876700402	74
56450	40.95505704193429	40.88773480286258	78
56500	40.95505704193429	40.894053235015136	71
56550	40.95505704193429	40.89380013517355	71
56600	40.95505704193429	40.890722351303495	77
56650	40.95505704193429	40.89014643735158	78
56700	40.95505704193429	40.886557967523295	79
56750	40.95505704193429	40.81566346138194	86
56800	40.95505704193429	40.66882672171334	80
56850	40.95505704193429	40.89001584093649	77
56900	40.95505704193429	40.8908519272943	76
56950	40.95505704193429	40.88966399583884	77
57000	40.95505704193429	40.86639363017767	82
57050	40.95505704193429	40.82950516928915	84
57100	40.95505704193429	40.890808335164685	76
57150	40.95505704193429	40.78647762387989	78
57200	40.95505704193429	40.891620608460435	76
57250	40.95505704193429	40.890184995921175	76
57300	40.95505704193429	40.89195315759468	74
57350	40.95505704193429	40.888969051536506	78
57400	40.95505704193429	40.891652660391784	76
57450	40.95505704193429	40.88791139712728	79
57500	40.95505704193429	40.889388033322184	76
57550	40.95505704193429	40.888831312885394	77
57600	40.95505704193429	40.892281967988076	72
57650	40.95505704193429	40.84750533850289	80
57700	40.95505704193429	40.89008089142756	76
57750	40.95505704193429	40.88528953736801	80
57800	40.95505704193429	40.88720873146535	80
57850	40.95505704193429	40.892719833807654	77
57900	40.95505704193429	40.895493174612994	72
57950	40.95505704193429	40.89256362033327	77
58000	40.95505704193429	40.89425473959416	76
58050	40.95505704193429	40.890763384530715	82
58100	40.95505704193429	40.89397131930776	75
58150	40.95505704193429	40.890505463308024	81
58200	40.95505704193429	40.89587043125405	74
58250	40.95505704193429	40.88850562592692	81
58300	40.95505704193429	40.89300909194895	77
58350	40.95505704193429	40.89379758267532	76
58400	40.95505704193429	40.895482429667865	76
58450	40.95505704193429	40.79428520415731	83
58500	40.95505704193429	40.87216702982655	84
58550	40.95505704193429	40.86817567936407	81
58600	40.95505704193429	40.752108497081046	80
58650	40.95505704193429	40.88842420441281	81
58700	40.95505704193429	40.854872299260016	82
58750	40.95505704193429	40.892147583877	78
58800	40.95505704193429	40.89012510316868	80
58850	40.95505704193429	40.895086213367556	76
58900	40.95505704193429	40.74487795646373	81
58950	40.95505704193429	40.89514807256344	75
59000	40.95505704193429	40.847388293386636	79
59050	40.95505704193429	40.76776275924137	83
59100	40.95505704193429	40.894803063250144	75
59150	40.95505704193429	40.89450569075775	76
59200	40.95505704193429	40.895472165620546	77
59250	40.95505704193429	40.89906939048801	74
59300	40.95505704193429	40.896588122040924	77
59350	40.95505704193429	40.817602103401924	79
59400	40.95505704193429	40.8173871732241	79
59450	40.95505704193429	40.895214011783104	78
59500	40.95505704193429	40.89864820563695	73
59550	40.95505704193429	40.898307066156484	74
59600	40.95505704193429	40.89350954184002	78
59650	40.95505704193429	40.89313815030691	79
59700	40.95505704193429	40.89137397510255	81
59750	40.95505704193429	40.896127660135775	78
59800	40.95505704193429	40.89525429524909	77
59850	40.95505704193429	40.89764853028826	77
59900	40.95505704193429	40.21382184257545	80
59950	40.95505704193429	40.79450616596098	81
60000	40.95505704193429	40.89018821915981	82
60050	40.95505704193429	40.89636915306412	76
60100	40.95505704193429	40.89613472486522	76
60150	40.95505704193429	40.897549049729044	74
60200	40.95505704193429	40.82219528688332	81
60250	40.95505704193429	40.89146988043702	80
60300	40.95505704193429	40.895304021859175	77
60350	40.95505704193429	40.895387635448	77
60400	40.95505704193429	40.89667180622659	75
60450	40.95505704193429	40.89527471564742	77
60500	40.95505704193429	40.827822900633805	82
60550	40.95505704193429	40.89458958972444	77
60600	40.95505704193429	40.900382502918006	71
60650	40.95505704193429	40.88915231608411	83
60700	40.95505704193429	40.89523196010359	78
60750	40.95505704193429	40.89580343415994	75
60800	40.95505704193429	40.89561970246649	77
60850	40.95505704193429	40.89963693028928	72
60900	40.95505704193429	40.89295480153479	79
60950	40.95505704193429	40.89551439932132	77
61000	40.95505704193429	40.89410611519274	78
61050	40.95505704193429	40.85965982521823	84
61100	40.95505704193429	40.89475015537849	78
61150	40.95505704193429	40.781899859568796	81
61200	40.95505704193429	40.82885032009329	81
61250	40.95505704193429	40.89211258619656	79
61300	40.95505704193429	40.89473719589267	78
61350	40.95505704193429	40.86157580413473	80
61400	40.95505704193429	40.896454364224574	76
61450	40.95505704193429	40.89471785343223	78
61500	40.95505704193429	40.894355374969024	79
61550	40.95505704193429	40.90010504341084	73
61600	40.95505704193429	40.89800851668496	75
61650	40.95505704193429	40.90010219775971	74
61700	40.95505704193429	40.84341428967771	79
61750	40.95505704193429	40.89716060958429	76
61800	40.95505704193429	40.8877874060549	79
61850	40.95505704193429	40.89756307267207	79
61900	40.95505704193429	40.89434589547046	82
61950	40.95505704193429	40.89777861056641	78
62000	40.95505704193429	40.89599456392782	79
62050	40.95505704193429	40.90278844042148	73
62100	40.95505704193429	40.89536244107432	79
62150	40.95505704193429	40.83343477862271	81
62200	40.95505704193429	40.892574953705946	83
62250	40.95505704193429	40.89647330388182	79
62300	40.95505704193429	40.89696541667775	79
62350	40.95505704193429	40.89660969564339	78
62400	40.95505704193429	40.89904024980158	76
62450	40.95505704193429	40.89060143347699	86
62500	40.95505704193429	40.900253078201104	76
62550	40.95505704193429	40.90206608853267	74
62600	40.95505704193429	40.9007596051439	75
62650	40.95505704193429	40.8980730991652	77
62700	40.95505704193429	40.868683797789714	81
62750	40.95505704193429	40.89482192378901	81
62800	40.95505704193429	40.80150524681558	85
62850	40.95505704193429	40.86889208496988	81
62900	40.95505704193429	40.90020308060989	78
62950	40.95505704193429	40.88574516878674	82
63000	40.95505704193429	40.785055254246934	79
63050	40.95505704193429	40.87675702907043	78
